60,3000,21.311,22.506,20.48
120,3000,21.249,22.397,20.304
180,3000,21.299,22.461,20.12
240,3000,21.365,22.622,19.793
300,3000,21.311,22.666,19.568
360,3000,21.403,22.826,19.636
420,3000,21.661,23.045,19.795
480,3000,21.989,23.374,20.021
540,3000,22.224,23.521,20.154
600,3000,21.974,23.011,20.227
660,3000,21.451,22.525,20.328
720,3000,21.359,22.381,20.217
780,3000,21.509,22.527,20.182
840,3000,21.82,22.933,20.444
900,3000,21.828,23.128,20.272
960,3000,21.851,23.21,20.178
1020,3000,21.851,23.333,19.969
1080,3000,21.9,23.195,19.743
1140,3000,21.485,22.447,19.801
1200,3000,21.038,22.046,19.733
1260,3000,21.284,22.345,20.047
1320,3000,21.724,22.768,20.18
1380,3000,21.955,23.107,20.407
1440,3000,22.094,23.286,20.343
1500,3000,22.074,23.469,20.351
1560,3000,22.072,23.604,20.139
1620,3000,22.297,23.567,20.199
1680,3000,21.898,23.04,20.395
1740,3000,21.586,22.707,20.534
1800,3000,21.705,22.691,20.488
1860,3000,21.823,22.639,20.297
1920,3000,21.666,22.893,20
1980,3000,21.677,23.129,19.924
2040,3000,21.848,23.3,19.753
2100,3000,22.086,23.359,19.87
2160,3000,21.861,22.833,19.954
2220,3000,21.295,22.367,20.02
2280,3000,21.424,22.549,20.219
2340,3000,21.69,22.614,20.144
2400,3000,21.914,23.077,20.269
2460,3000,21.974,23.293,20.301
2520,3000,22.155,23.409,20.31
2580,3000,22.273,23.6,20.166
2640,3000,22.22,23.389,19.966
2700,3000,21.445,22.638,19.82
2760,3000,20.992,22.327,19.719
2820,3000,21.138,22.241,19.7
2880,3000,21.344,22.538,19.794
2940,3000,21.688,22.972,20.197
3000,3000,22.046,23.349,20.387
3060,3000,22.304,23.597,20.379
3120,3000,22.571,23.605,20.323
3180,3000,22.1,22.947,20.254
3240,3000,21.467,22.425,20.289
3300,3000,21.45,22.533,20.281
3360,3000,21.946,23.006,20.605
3420,3000,22.123,23.261,20.713
3480,3000,22.17,23.419,20.673
3540,3000,22.34,23.566,20.623
3600,3000,22.389,23.619,20.331
3660,3000,22.168,23.33,20.108
3720,3000,21.432,22.671,20.059
3780,3000,21.2,22.451,20.087
3840,3000,21.328,22.503,19.995
3900,6000,21.565,22.753,20.228
3960,6000,21.781,23.082,20.47
4020,6000,21.947,23.392,20.488
4080,6000,22.294,23.717,20.546
4140,6000,22.569,23.788,20.627
4200,6000,22.026,23.192,20.796
4260,6000,21.886,22.963,20.926
4320,6000,21.889,22.885,20.687
4380,6000,21.925,22.967,20.406
4440,6000,21.841,23.24,20.219
4500,6000,21.875,23.447,20.027
4560,6000,22.064,23.45,20.024
4620,6000,21.787,23.012,20.196
4680,6000,21.462,22.663,20.427
4740,6000,21.859,22.902,20.587
4800,6000,22.345,23.424,20.713
4860,6000,22.243,23.424,20.671
4920,6000,22.187,23.542,20.511
4980,6000,22.183,23.686,20.262
5040,6000,21.828,23.221,20.038
5100,6000,21.346,22.655,20.165
5160,6000,21.439,22.469,20.136
5220,6000,21.642,22.626,20.301
5280,6000,21.893,22.918,20.254
5340,6000,22.254,23.507,20.469
5400,6000,22.602,23.894,20.647
5460,6000,22.307,23.433,20.725
5520,6000,21.845,22.897,20.769
5580,6000,21.642,22.669,20.545
5640,6000,21.668,22.872,20.272
5700,6000,21.725,23.054,20.094
5760,6000,21.796,23.285,20.041
5820,6000,22.074,23.363,20.143
5880,6000,22.035,23.197,20.28
5940,6000,21.639,22.886,20.452
6000,6000,21.757,22.987,20.57
6060,6000,21.962,22.995,20.599
6120,6000,22.217,23.245,20.685
6180,6000,22.226,23.552,20.717
6240,6000,22.497,23.871,20.86
6300,6000,22.533,23.563,20.901
6360,6000,21.821,23.043,20.702
6420,6000,21.603,22.683,20.53
6480,6000,21.632,22.733,20.272
6540,6000,21.652,22.924,20.021
6600,6000,21.839,23.229,20.198
6660,6000,22.072,23.518,20.286
6720,6000,22.366,23.446,20.47
6780,6000,21.998,23.02,20.565
6840,6000,21.998,23.01,20.697
6900,6000,21.955,22.988,20.558
6960,6000,21.963,22.963,20.485
7020,6000,22.039,23.286,20.337
7080,6000,22.198,23.569,20.4
7140,6000,22.252,23.395,20.394
7200,9000,21.778,22.964,20.327
7260,9000,21.444,22.595,20.35
7320,9000,21.544,22.667,20.205
7380,9000,21.805,22.878,20.249
7440,9000,22.036,23.407,20.556
7500,9000,22.366,23.785,20.874
7560,9000,22.439,23.558,20.988
7620,9000,22.171,23.249,21.108
7680,9000,22.362,23.326,21.241
7740,9000,22.406,23.507,21.105
7800,9000,22.596,23.814,21.072
7860,9000,22.845,24.206,21.248
7920,9000,22.825,24.007,21.271
7980,9000,22.127,23.362,21.186
8040,9000,22.007,23.082,21.062
8100,9000,22.078,23.172,20.849
8160,9000,22.081,23.375,20.728
8220,9000,22.247,23.704,20.688
8280,9000,22.565,23.796,20.925
8340,9000,22.159,23.372,21.208
8400,9000,22.049,23.175,21.228
8460,9000,22.795,23.693,21.3
8520,9000,23.281,24.352,21.522
8580,9000,22.901,24.324,21.44
8640,9000,22.813,24.143,21.329
8700,9000,22.492,23.603,21.524
8760,9000,22.245,23.337,21.446
8820,9000,22.253,23.329,21.178
8880,9000,22.364,23.515,21.168
8940,9000,22.25,23.766,20.767
9000,9000,22.211,23.481,20.451
9060,9000,22.02,23.042,20.74
9120,9000,21.899,23.08,21.073
9180,9000,22.254,23.346,21.146
9240,9000,22.561,23.714,21.263
9300,9000,23.122,24.333,21.483
9360,9000,23.208,24.414,21.522
9420,9000,22.455,23.508,21.455
9480,9000,22.235,23.365,21.463
9540,9000,22.422,23.49,21.423
9600,9000,22.586,23.664,21.35
9660,9000,22.546,23.875,21.174
9720,9000,22.436,23.721,20.819
9780,9000,21.751,23.105,20.569
9840,9000,21.553,22.808,20.438
9900,9000,22.022,23.098,20.628
9960,9000,22.289,23.469,20.9
10020,9000,22.432,23.874,21.149
10080,9000,22.831,23.932,21.253
10140,9000,22.573,23.511,21.416
10200,9000,22.42,23.369,21.305
10260,9000,22.437,23.318,21.272
10320,9000,22.669,23.715,21.403
10380,9000,22.821,24.091,21.408
10440,9000,22.732,23.937,21.158
10500,9000,22.015,23.311,20.782
10560,9000,21.602,22.755,20.602
10620,12000,21.58,22.865,20.408
10680,12000,22.047,23.204,20.578
10740,12000,22.442,23.774,21.002
10800,12000,22.668,23.709,21.172
10860,12000,22.614,23.524,21.438
10920,12000,22.602,23.67,21.619
10980,12000,22.875,23.785,21.63
11040,12000,22.879,23.986,21.62
11100,12000,23.005,24.287,21.651
11160,12000,23.067,24.266,21.848
11220,12000,22.581,23.842,21.886
11280,12000,22.613,23.601,21.67
11340,12000,22.61,23.693,21.504
11400,12000,22.654,23.956,21.317
11460,12000,22.476,23.865,21.022
11520,12000,22.019,23.267,20.864
11580,12000,22.32,23.204,21.283
11640,12000,22.846,23.64,21.511
11700,12000,23.156,24.045,21.63
11760,12000,23.248,24.356,21.587
11820,12000,23.02,23.987,21.82
11880,12000,22.886,23.83,21.867
11940,12000,22.753,23.815,21.84
12000,12000,23.076,24.125,21.97
12060,12000,23.197,24.361,21.739
12120,12000,22.858,23.965,21.479
12180,12000,22.193,23.328,21.244
12240,12000,22.123,23.228,21.004
12300,12000,22.416,23.409,21.017
12360,12000,22.919,23.986,21.316
12420,12000,22.928,24.088,21.602
12480,12000,22.581,23.715,21.77
12540,12000,22.791,23.776,21.844
12600,12000,23.678,24.558,22.154
12660,12000,23.256,24.502,21.774
12720,12000,22.964,24.132,21.367
12780,12000,22.421,23.463,21.276
12840,12000,21.961,23.12,21.055
12900,12000,21.999,23.131,20.962
12960,12000,22.025,23.285,20.589
13020,12000,22.024,23.245,20.4
13080,12000,21.49,22.725,20.144
13140,12000,21.061,22.339,20.115
13200,12000,21.146,22.463,20.106
13260,12000,21.384,22.88,19.922
13320,12000,21.472,23.045,19.826
13380,12000,21.314,22.491,19.778
13440,12000,20.809,21.902,19.817
13500,12000,20.649,21.958,19.781
13560,12000,20.855,22.358,19.728
13620,12000,21.123,22.851,19.543
13680,12000,21.181,22.501,19.604
13740,12000,20.684,21.843,19.519
13800,12000,20.479,21.734,19.533
13860,15000,20.751,22.267,19.323
13920,15000,20.949,22.497,19.363
13980,15000,21.076,22.497,19.391
14040,15000,20.716,22.025,19.164
14100,15000,20.384,21.7,19.255
14160,15000,20.551,21.968,19.429
14220,15000,20.88,22.377,19.44
14280,15000,21.182,22.743,19.421
14340,15000,20.843,22.424,19.346
14400,15000,20.543,22.066,19.377
14460,15000,20.609,22.102,19.526
14520,15000,20.925,22.483,19.588
14580,15000,21.257,22.981,19.461
14640,15000,20.941,22.633,19.365
14700,15000,20.54,22.015,19.562
14760,15000,20.644,22.138,19.606
14820,15000,20.983,22.465,19.569
14880,15000,21.211,22.85,19.411
14940,15000,20.749,22.4,19.153
15000,15000,20.397,21.886,19.15
15060,15000,20.557,22.063,19.344
15120,15000,20.92,22.508,19.363
15180,15000,21.153,22.735,19.369
15240,15000,20.772,22.265,19.231
15300,15000,20.401,21.799,19.081
15360,15000,20.489,21.943,19.089
15420,15000,20.855,22.337,19.315
15480,15000,20.89,22.358,19.319
15540,15000,20.47,21.943,19.056
15600,15000,20.314,21.771,19.108
15660,15000,20.545,21.946,19.253
15720,15000,20.819,22.281,19.279
15780,15000,20.86,22.361,19.185
15840,15000,20.458,21.932,18.894
15900,15000,20.36,21.762,18.904
15960,15000,20.52,21.977,19.07
16020,15000,20.838,22.314,19.153
16080,15000,20.795,22.318,19.059
16140,15000,20.397,21.841,18.926
16200,15000,20.3,21.8,19.011
16260,15000,20.515,22.008,19.156
16320,15000,20.776,22.244,19.155
16380,15000,20.638,22.155,19.01
16440,15000,20.269,21.768,18.859
16500,15000,20.261,21.653,18.875
16560,15000,20.493,21.998,19.01
16620,15000,20.785,22.32,18.931
16680,15000,20.624,22.146,18.797
16740,15000,20.253,21.7,18.824
16800,15000,20.311,21.792,18.944
16860,15000,20.561,22.035,18.981
16920,15000,20.733,22.227,18.978
16980,15000,20.524,22.036,18.819
17040,15000,20.194,21.683,18.782
17100,15000,20.278,21.762,19.086
17160,15000,20.475,21.968,18.967
17220,15000,20.737,22.171,18.866
17280,15000,20.492,21.958,18.623
17340,15000,20.2,21.552,18.754
17400,15000,20.298,21.735,18.915
17460,15000,20.514,22.031,18.789
17520,15000,20.642,22.158,18.752
17580,15000,20.314,21.783,18.554
17640,15000,20.069,21.489,18.611
17700,15000,20.264,21.722,18.807
17760,15000,20.559,22.091,18.853
17820,15000,20.637,22.187,18.862
17880,15000,20.342,21.856,18.602
17940,15000,20.093,21.61,18.641
18000,15000,20.272,21.739,18.728
18060,15000,20.544,22.098,18.765
18120,15000,20.573,22.131,18.745
18180,15000,20.16,21.629,18.529
18240,15000,20.07,21.574,18.682
18300,15000,20.269,21.78,18.75
18360,15000,20.553,22.054,18.735
18420,15000,20.516,22.046,18.645
18480,15000,20.069,21.615,18.539
18540,0,20.027,21.489,18.61
18600,0,20.457,21.961,18.508
18660,0,21.128,22.622,17.861
18720,0,21.171,22.14,17.489
18780,0,20.515,21.812,17.587
18840,0,20.59,21.948,17.632
18900,0,20.765,21.956,17.551
18960,0,21.101,22.279,17.415
19020,0,21.39,22.405,17.453
19080,0,21.125,21.145,17.423
19140,0,19.953,20.162,17.251
19200,0,19.513,20.359,17.236
19260,0,19.63,20.71,17.241
19320,0,19.583,20.983,17.12
19380,0,19.752,21.467,17.155
19440,0,20.427,21.724,17.287
19500,0,20.811,21.902,17.305
19560,0,21.018,21.973,17.239
19620,0,21.223,22.127,17.208
19680,0,21.246,21.797,17.289
19740,0,20.642,20.455,17.145
19800,0,19.47,19.871,16.93
19860,0,19.208,20.393,16.941
19920,0,19.258,20.459,16.833
19980,0,19.307,20.962,16.805
20040,0,19.627,21.34,16.969
20100,0,20.218,21.509,16.999
20160,0,20.556,21.658,17.008
20220,0,20.641,21.546,17.071
20280,0,20.636,21.483,17.016
20340,0,21.002,21.754,16.999
20400,0,21.084,21.359,16.974
20460,0,20.227,20.077,16.794
20520,0,19.211,19.596,16.576
20580,0,19.133,19.905,16.769
20640,0,19.233,20.569,16.805
20700,0,19.66,20.893,16.805
20760,0,19.945,21.186,16.805
20820,0,20.1,20.963,16.861
20880,0,20.12,21.021,16.84
20940,0,20.308,21.312,16.778
21000,0,20.32,21.355,16.8
21060,0,20.516,21.468,16.796
21120,0,20.804,21.862,16.766
21180,0,20.959,22.074,16.733
21240,0,20.856,21,16.748
21300,0,19.671,19.698,16.48
21360,0,18.931,19.621,16.347
21420,0,18.995,20.153,16.369
21480,0,19.05,20.434,16.32
21540,0,19.421,20.822,16.433
21600,0,19.778,21.104,16.56
21660,0,20.002,21.318,16.525
21720,0,20.227,21.447,16.513
21780,0,20.529,21.478,16.573
21840,0,20.577,21.585,16.513
21900,0,20.66,21.646,16.475
21960,0,20.791,21.903,16.415
22020,0,20.91,21.447,16.472
22080,0,20.043,19.888,16.213
22140,0,19.014,19.488,16.045
22200,0,18.939,20.067,16.146
22260,0,19.007,20.109,16.099
22320,0,19.08,20.708,16.147
22380,0,19.48,20.992,16.332
22440,0,19.951,21.214,16.331
22500,0,20.228,21.284,16.397
22560,0,20.371,21.421,16.336
22620,0,20.514,21.538,16.323
22680,0,20.618,21.594,16.322
22740,0,20.718,21.634,16.318
22800,0,20.776,21.687,16.303
22860,0,20.691,20.766,16.323
22920,0,19.605,19.625,16.064
22980,0,18.827,19.578,15.977
23040,0,18.835,19.964,15.993
23100,0,18.879,19.96,15.983
23160,0,19.001,20.69,16.02
23220,0,19.762,20.91,16.214
23280,0,19.972,20.962,16.264
23340,0,20.162,21.208,16.22
23400,0,20.337,21.353,16.22
23460,0,20.461,21.238,16.216
23520,0,20.545,21.496,16.216
23580,0,20.672,21.509,16.175
23640,0,20.757,21.566,16.149
23700,0,20.613,20.65,16.17
23760,0,19.476,19.432,15.871
23820,0,18.695,19.449,15.789
23880,0,18.868,19.846,15.899
23940,0,18.792,20.199,15.853
24000,0,18.943,20.732,15.888
